1
    3
        2
            5
                7
                    4
                        6
                            rd
                        w
                w
            9
                6
                    7
                        4
                            rw
                        5
                            8w
                        8
                            5w
                w
        4
            7
                5
                    
                w
        5
        6
        7
        8
        9
    5/7
    9